r	U
1,75	80,50121655
1,76	74,60435868
1,77	69,13518506
1,78	64,06160537
1,79	59,35405482
1,8	54,98528481
1,81	50,93017186
1,82	47,16554323
1,83	43,67001754
1,84	40,42385909
1,85	37,4088447
1,86	34,60814186
1,87	32,00619721
1,88	29,58863446
1,89	27,34216082
1,9	25,25448129
1,91	23,31422013
1,92	21,51084869
1,93	19,83461937
1,94	18,27650481
1,95	16,82814222
1,96	15,48178213
1,97	14,23024127
1,98	13,06685938
1,99	11,98545931
2	10,98031046
2,01	10,04609502
2,02	9,177876948
2,03	8,371073358
2,04	7,621428182
2,05	6,924987871
2,06	6,278078993
2,07	5,677287575
2,08	5,119440035
2,09	4,601585579
2,1	4,120979951
2,11	3,675070421
2,12	3,261481914
2,13	2,878004186
2,14	2,522579974
2,15	2,193294029
2,16	1,888362973
2,17	1,606125915
2,18	1,345035755
2,19	1,103651142
2,2	0,880629016
2,21	0,674717705
2,22	0,484750521
2,23	0,309639828
2,24	0,148371536
2,25	0
2,26	-0,136356721
2,27	-0,261521255
2,28	-0,376261003
2,29	-0,481291923
2,3	-0,577282055
2,31	-0,664854788
2,32	-0,744591898
2,33	-0,817036377
2,34	-0,882695053
2,35	-0,942041039
2,36	-0,995516
2,37	-1,043532268
2,38	-1,08647481
2,39	-1,124703058
2,4	-1,158552614
2,41	-1,188336838
2,42	-1,214348326
2,43	-1,236860287
2,44	-1,256127829
2,45	-1,272389152
2,46	-1,285866664
2,47	-1,296768026
2,48	-1,305287113
2,49	-1,311604926
2,5	-1,315890431
2,51	-1,318301349
2,52	-1,31898489
2,53	-1,318078438
2,54	-1,315710193
2,55	-1,311999768
2,56	-1,307058747
2,57	-1,300991206
2,58	-1,293894203
2,59	-1,28585823
2,6	-1,27696764
2,61	-1,267301043
2,62	-1,25693168
2,63	-1,245927769
2,64	-1,23435283
2,65	-1,222265987
2,66	-1,209722256
2,67	-1,196772807
2,68	-1,183465214
2,69	-1,169843687
2,7	-1,155949292
2,71	-1,14182015
2,72	-1,127491631
2,73	-1,112996532
2,74	-1,098365242
2,75	-1,083625901
2,76	-1,068804544
2,77	-1,053925239
2,78	-1,039010214
2,79	-1,02407998
2,8	-1,009153439
2,81	-0,994247993
2,82	-0,979379643
2,83	-0,964563078
2,84	-0,949811762
2,85	-0,93513802
2,86	-0,920553106
2,87	-0,906067282
2,88	-0,891689879
2,89	-0,877429363
2,9	-0,863293388
2,91	-0,84928886
2,92	-0,835421978
2,93	-0,82169829
2,94	-0,808122733
2,95	-0,794699679
2,96	-0,78143297
2,97	-0,76832596
2,98	-0,755381545
2,99	-0,7426022
3	-0,729990005
3,01	-0,717546677
3,02	-0,705273592
3,03	-0,693171816
3,04	-0,681242125
3,05	-0,669485026
3,06	-0,657900779
3,07	-0,646489416
3,08	-0,635250759
3,09	-0,624184434
3,1	-0,613289893
3,11	-0,602566421
3,12	-0,592013154
3,13	-0,581629094
3,14	-0,571413113
3,15	-0,561363975
3,16	-0,551480335
3,17	-0,541760759
3,18	-0,532203725
3,19	-0,522807637
3,2	-0,513570829
3,21	-0,504491577
3,22	-0,4955681
3,23	-0,48679857
3,24	-0,478181119
3,25	-0,469713842
3,26	-0,461394802
3,27	-0,453222036
3,28	-0,445193561
3,29	-0,437307375
3,3	-0,429561461
3,31	-0,421953794
3,32	-0,41448234
3,33	-0,407145063
3,34	-0,399939923
3,35	-0,392864884
3,36	-0,385917912
3,37	-0,379096981
3,38	-0,372400069
3,39	-0,365825168
3,4	-0,359370278
3,41	-0,353033416
3,42	-0,346812608
3,43	-0,3407059
3,44	-0,334711354
3,45	-0,328827048
3,46	-0,323051081
3,47	-0,317381569
3,48	-0,311816652
3,49	-0,306354489
3,5	-0,300993259
3,51	-0,295731167
3,52	-0,290566438
3,53	-0,285497321
3,54	-0,280522087
3,55	-0,275639033
3,56	-0,270846478
3,57	-0,266142766
3,58	-0,261526265
3,59	-0,256995367
3,6	-0,252548489
3,61	-0,248184071
3,62	-0,243900579
3,63	-0,239696503
3,64	-0,235570357
3,65	-0,231520678
3,66	-0,22754603
3,67	-0,223644998
3,68	-0,219816192
3,69	-0,216058245
3,7	-0,212369816
3,71	-0,208749584
3,72	-0,205196253
3,73	-0,201708548
3,74	-0,198285218
3,75	-0,194925036
3,76	-0,191626792
3,77	-0,188389303
3,78	-0,185211405
3,79	-0,182091956
3,8	-0,179029835
3,81	-0,17602394
3,82	-0,173073192
3,83	-0,170176531
3,84	-0,167332917
3,85	-0,16454133
3,86	-0,161800767
3,87	-0,159110247
3,88	-0,156468806
3,89	-0,153875499
3,9	-0,151329398
3,91	-0,148829595
3,92	-0,146375198
3,93	-0,143965331
3,94	-0,141599137
3,95	-0,139275775
3,96	-0,13699442
3,97	-0,134754263
3,98	-0,132554512
3,99	-0,130394388
4	-0,12827313
4,01	-0,126189991
4,02	-0,124144237
4,03	-0,122135151
4,04	-0,120162028
4,05	-0,118224179
4,06	-0,116320926
4,07	-0,114451606
4,08	-0,11261557
4,09	-0,110812179
4,1	-0,10904081
4,11	-0,10730085
4,12	-0,105591699
4,13	-0,103912769
4,14	-0,102263483
4,15	-0,100643276
4,16	-0,099051594
4,17	-0,097487895
4,18	-0,095951646
4,19	-0,094442327
4,2	-0,092959425
4,21	-0,091502441
4,22	-0,090070882
4,23	-0,088664268
4,24	-0,087282128
4,25	-0,085923998
4,26	-0,084589427
4,27	-0,083277969
4,28	-0,08198919
4,29	-0,080722664
4,3	-0,079477972
4,31	-0,078254704
4,32	-0,077052459
4,33	-0,075870844
4,34	-0,074709471
4,35	-0,073567965
4,36	-0,072445952
4,37	-0,071343071
4,38	-0,070258966
4,39	-0,069193286
4,4	-0,06814569
4,41	-0,067115843
4,42	-0,066103416
4,43	-0,065108087
4,44	-0,064129539
4,45	-0,063167464
4,46	-0,062221557
4,47	-0,061291521
4,48	-0,060377064
4,49	-0,059477901
4,5	-0,05859375
4,51	-0,057724338
4,52	-0,056869394
4,53	-0,056028655
4,54	-0,055201861
4,55	-0,054388759
4,56	-0,053589099
4,57	-0,052802638
4,58	-0,052029136
4,59	-0,051268359
4,6	-0,050520076
4,61	-0,049784062
4,62	-0,049060095
4,63	-0,048347959
4,64	-0,047647442
4,65	-0,046958333
4,66	-0,046280429
4,67	-0,04561353
4,68	-0,044957438
4,69	-0,04431196
4,7	-0,043676908
4,71	-0,043052096
4,72	-0,042437341
4,73	-0,041832466
4,74	-0,041237295
4,75	-0,040651656
4,76	-0,040075382
4,77	-0,039508306
4,78	-0,038950267
4,79	-0,038401106
4,8	-0,037860667
4,81	-0,037328796
4,82	-0,036805345
4,83	-0,036290165
4,84	-0,035783113
4,85	-0,035284046
4,86	-0,034792826
4,87	-0,034309316
4,88	-0,033833383
4,89	-0,033364894
4,9	-0,032903722
4,91	-0,03244974
4,92	-0,032002824
4,93	-0,031562852
4,94	-0,031129705
4,95	-0,030703266
4,96	-0,030283419
4,97	-0,029870052
4,98	-0,029463054
4,99	-0,029062317
5	-0,028667734
5,01	-0,028279199
5,02	-0,027896611
5,03	-0,027519868
5,04	-0,027148872
5,05	-0,026783526
5,06	-0,026423733
5,07	-0,026069401
5,08	-0,025720437
5,09	-0,025376752
5,1	-0,025038256
5,11	-0,024704863
5,12	-0,024376488
5,13	-0,024053046
5,14	-0,023734456
5,15	-0,023420636
5,16	-0,023111508
5,17	-0,022806994
5,18	-0,022507017
5,19	-0,022211502
5,2	-0,021920375
5,21	-0,021633564
5,22	-0,021350998
5,23	-0,021072608
5,24	-0,020798324
5,25	-0,020528079
5,26	-0,020261808
5,27	-0,019999445
5,28	-0,019740926
5,29	-0,01948619
5,3	-0,019235174
5,31	-0,018987818
5,32	-0,018744063
5,33	-0,018503851
5,34	-0,018267123
5,35	-0,018033825
5,36	-0,0178039
5,37	-0,017577295
5,38	-0,017353956
5,39	-0,017133831
5,4	-0,016916869
5,41	-0,016703018
5,42	-0,016492229
5,43	-0,016284454
5,44	-0,016079644
5,45	-0,015877752
5,46	-0,015678733
5,47	-0,01548254
5,48	-0,015289129
5,49	-0,015098456
5,5	-0,014910478
5,51	-0,014725152
5,52	-0,014542437
5,53	-0,014362291
5,54	-0,014184676
5,55	-0,01400955
5,56	-0,013836875
5,57	-0,013666613
5,58	-0,013498726
5,59	-0,013333178
5,6	-0,013169932
5,61	-0,013008952
5,62	-0,012850204
5,63	-0,012693652
5,64	-0,012539264
5,65	-0,012387005
5,66	-0,012236843
5,67	-0,012088746
5,68	-0,011942682
5,69	-0,01179862
5,7	-0,01165653
5,71	-0,011516381
5,72	-0,011378143
5,73	-0,011241788
5,74	-0,011107288
5,75	-0,010974613
5,76	-0,010843736
5,77	-0,010714631
5,78	-0,01058727
5,79	-0,010461627
5,8	-0,010337676
5,81	-0,010215393
5,82	-0,010094751
5,83	-0,009975726
5,84	-0,009858294
5,85	-0,009742432
5,86	-0,009628115
5,87	-0,009515321
5,88	-0,009404027
5,89	-0,009294211
5,9	-0,009185852
5,91	-0,009078926
5,92	-0,008973414
5,93	-0,008869294
5,94	-0,008766547
5,95	-0,008665151
5,96	-0,008565086
5,97	-0,008466334
5,98	-0,008368876
5,99	-0,008272691
6	-0,008177762
6,01	-0,00808407
6,02	-0,007991598
6,03	-0,007900327
6,04	-0,00781024
6,05	-0,00772132
6,06	-0,007633551
6,07	-0,007546914
6,08	-0,007461395
6,09	-0,007376977
6,1	-0,007293644
6,11	-0,007211381
6,12	-0,007130172
6,13	-0,007050002
6,14	-0,006970856
6,15	-0,00689272
6,16	-0,00681558
6,17	-0,00673942
6,18	-0,006664228
6,19	-0,006589989
6,2	-0,00651669
6,21	-0,006444317
6,22	-0,006372859
6,23	-0,006302301
6,24	-0,00623263
6,25	-0,006163836
6,26	-0,006095904
6,27	-0,006028824
6,28	-0,005962583
6,29	-0,005897169
6,3	-0,005832571
6,31	-0,005768777
6,32	-0,005705777
6,33	-0,005643559
6,34	-0,005582112
6,35	-0,005521426
6,36	-0,005461491
6,37	-0,005402295
6,38	-0,005343828
6,39	-0,005286081
6,4	-0,005229044
6,41	-0,005172707
6,42	-0,00511706
6,43	-0,005062093
6,44	-0,005007799
6,45	-0,004954166
6,46	-0,004901187
6,47	-0,004848852
6,48	-0,004797153
6,49	-0,004746081
6,5	-0,004695627
6,51	-0,004645783
6,52	-0,004596541
6,53	-0,004547893
6,54	-0,004499831
6,55	-0,004452346
6,56	-0,004405431
6,57	-0,004359079
6,58	-0,004313281
6,59	-0,004268031
6,6	-0,004223321
6,61	-0,004179144
6,62	-0,004135493
6,63	-0,00409236
6,64	-0,00404974
6,65	-0,004007624
6,66	-0,003966007
6,67	-0,003924881
6,68	-0,003884241
6,69	-0,003844079
6,7	-0,00380439
6,71	-0,003765168
6,72	-0,003726405
6,73	-0,003688097
6,74	-0,003650237
6,75	-0,003612819
6,76	-0,003575837
6,77	-0,003539287
6,78	-0,003503162
6,79	-0,003467456
6,8	-0,003432164
6,81	-0,003397282
6,82	-0,003362803
6,83	-0,003328722
6,84	-0,003295034
6,85	-0,003261734
6,86	-0,003228818
6,87	-0,003196279
6,88	-0,003164114
6,89	-0,003132318
6,9	-0,003100885
6,91	-0,003069811
6,92	-0,003039091
6,93	-0,003008722
6,94	-0,002978698
6,95	-0,002949015
6,96	-0,002919669
6,97	-0,002890655
6,98	-0,00286197
6,99	-0,002833608
7	-0,002805567
7,01	-0,002777842
7,02	-0,002750428
7,03	-0,002723323
7,04	-0,002696521
7,05	-0,002670021
7,06	-0,002643816
7,07	-0,002617905
7,08	-0,002592282
7,09	-0,002566945
7,1	-0,002541891
7,11	-0,002517114
7,12	-0,002492613
7,13	-0,002468383
7,14	-0,002444422
7,15	-0,002420725
7,16	-0,00239729
7,17	-0,002374113
7,18	-0,002351192
7,19	-0,002328522
7,2	-0,002306102
7,21	-0,002283927
7,22	-0,002261996
7,23	-0,002240304
7,24	-0,002218849
7,25	-0,002197628
7,26	-0,002176638
7,27	-0,002155876
7,28	-0,00213534
7,29	-0,002115027
7,3	-0,002094934
7,31	-0,002075059
7,32	-0,002055398
7,33	-0,002035949
7,34	-0,00201671
7,35	-0,001997678
7,36	-0,001978851
7,37	-0,001960226
7,38	-0,0019418
7,39	-0,001923572
7,4	-0,001905539
7,41	-0,001887698
7,42	-0,001870048
7,43	-0,001852585
7,44	-0,001835309
7,45	-0,001818216
7,46	-0,001801304
7,47	-0,001784572
7,48	-0,001768016
7,49	-0,001751636
7,5	-0,001735428
7,51	-0,001719392
7,52	-0,001703524
7,53	-0,001687823
7,54	-0,001672287
7,55	-0,001656914
7,56	-0,001641701
7,57	-0,001626648
7,58	-0,001611753
7,59	-0,001597012
7,6	-0,001582426
7,61	-0,001567991
7,62	-0,001553706
7,63	-0,001539569
7,64	-0,001525579
7,65	-0,001511734
7,66	-0,001498032
7,67	-0,001484472
7,68	-0,001471051
7,69	-0,001457769
7,7	-0,001444623
7,71	-0,001431613
7,72	-0,001418736
7,73	-0,001405991
7,74	-0,001393376
7,75	-0,001380891
7,76	-0,001368533
7,77	-0,001356301
7,78	-0,001344193
7,79	-0,001332209
7,8	-0,001320347
7,81	-0,001308604
7,82	-0,001296981
7,83	-0,001285476
7,84	-0,001274087
7,85	-0,001262813
7,86	-0,001251652
7,87	-0,001240604
7,88	-0,001229668
7,89	-0,001218841
7,9	-0,001208122
7,91	-0,001197511
7,92	-0,001187007
7,93	-0,001176607
7,94	-0,001166311
7,95	-0,001156118
7,96	-0,001146027
7,97	-0,001136036
7,98	-0,001126144
7,99	-0,00111635
8	-0,001106654
8,01	-0,001097053
8,02	-0,001087548
8,03	-0,001078136
8,04	-0,001068817
8,05	-0,00105959
8,06	-0,001050454
8,07	-0,001041407
8,08	-0,00103245
8,09	-0,00102358
8,1	-0,001014797
8,11	-0,0010061
8,12	-0,000997488
8,13	-0,00098896
8,14	-0,000980515
8,15	-0,000972152
8,16	-0,000963871
8,17	-0,00095567
8,18	-0,000947548
8,19	-0,000939506
8,2	-0,000931541
8,21	-0,000923653
8,22	-0,000915841
8,23	-0,000908105
8,24	-0,000900443
8,25	-0,000892854
8,26	-0,000885339
8,27	-0,000877896
8,28	-0,000870524
8,29	-0,000863223
8,3	-0,000855991
8,31	-0,000848829
8,32	-0,000841735
8,33	-0,000834708
8,34	-0,000827749
8,35	-0,000820855
8,36	-0,000814027
8,37	-0,000807264
8,38	-0,000800565
8,39	-0,000793929
8,4	-0,000787356
8,41	-0,000780845
8,42	-0,000774396
8,43	-0,000768007
8,44	-0,000761678
8,45	-0,000755409
8,46	-0,000749198
8,47	-0,000743046
8,48	-0,000736951
8,49	-0,000730914
8,5	-0,000724933
8,51	-0,000719007
8,52	-0,000713137
8,53	-0,000707322
8,54	-0,00070156
8,55	-0,000695852
8,56	-0,000690197
8,57	-0,000684595
8,58	-0,000679044
8,59	-0,000673545
8,6	-0,000668096
8,61	-0,000662698
8,62	-0,000657349
8,63	-0,00065205
8,64	-0,000646799
8,65	-0,000641597
8,66	-0,000636442
8,67	-0,000631335
8,68	-0,000626274
8,69	-0,000621259
8,7	-0,000616291
8,71	-0,000611367
8,72	-0,000606489
8,73	-0,000601655
8,74	-0,000596865
8,75	-0,000592118
8,76	-0,000587414
8,77	-0,000582753
8,78	-0,000578135
8,79	-0,000573558
8,8	-0,000569022
8,81	-0,000564527
8,82	-0,000560073
8,83	-0,000555658
8,84	-0,000551284
8,85	-0,000546949
8,86	-0,000542652
8,87	-0,000538394
8,88	-0,000534174
8,89	-0,000529992
8,9	-0,000525848
8,91	-0,00052174
8,92	-0,000517669
8,93	-0,000513634
8,94	-0,000509635
8,95	-0,000505671
8,96	-0,000501743
8,97	-0,000497849
8,98	-0,00049399
8,99	-0,000490165
9	-0,000486374
9,01	-0,000482616
9,02	-0,000478891
9,03	-0,0004752
9,04	-0,00047154
9,05	-0,000467913
9,06	-0,000464318
9,07	-0,000460754
9,08	-0,000457221
9,09	-0,000453719
9,1	-0,000450248
9,11	-0,000446807
9,12	-0,000443396
9,13	-0,000440015
9,14	-0,000436663
9,15	-0,00043334
9,16	-0,000430046
9,17	-0,000426781
9,18	-0,000423544
9,19	-0,000420335
9,2	-0,000417154
9,21	-0,000414
9,22	-0,000410874
9,23	-0,000407774
9,24	-0,000404701
9,25	-0,000401654
9,26	-0,000398634
9,27	-0,000395639
9,28	-0,000392671
9,29	-0,000389727
9,3	-0,000386809
9,31	-0,000383916
9,32	-0,000381047
9,33	-0,000378203
9,34	-0,000375383
9,35	-0,000372587
9,36	-0,000369815
9,37	-0,000367066
9,38	-0,000364341
9,39	-0,000361638
9,4	-0,000358959
9,41	-0,000356302
9,42	-0,000353668
9,43	-0,000351056
9,44	-0,000348465
9,45	-0,000345897
9,46	-0,00034335
9,47	-0,000340825
9,48	-0,000338321
9,49	-0,000335838
9,5	-0,000333376
9,51	-0,000330934
9,52	-0,000328512
9,53	-0,000326111
9,54	-0,00032373
9,55	-0,000321369
9,56	-0,000319027
9,57	-0,000316705
9,58	-0,000314402
9,59	-0,000312118
9,6	-0,000309854
9,61	-0,000307607
9,62	-0,00030538
9,63	-0,000303171
9,64	-0,00030098
9,65	-0,000298807
9,66	-0,000296652
9,67	-0,000294515
9,68	-0,000292395
9,69	-0,000290293
9,7	-0,000288208
9,71	-0,00028614
9,72	-0,000284089
9,73	-0,000282055
9,74	-0,000280038
9,75	-0,000278037
9,76	-0,000276052
9,77	-0,000274083
9,78	-0,000272131
9,79	-0,000270194
9,8	-0,000268273
9,81	-0,000266367
9,82	-0,000264477
9,83	-0,000262603
9,84	-0,000260743
9,85	-0,000258899
9,86	-0,000257069
9,87	-0,000255254
9,88	-0,000253454
9,89	-0,000251668
9,9	-0,000249897
9,91	-0,00024814
9,92	-0,000246397
9,93	-0,000244668
9,94	-0,000242952
9,95	-0,000241251
9,96	-0,000239563
9,97	-0,000237889
9,98	-0,000236227
9,99	-0,00023458
10	-0,000232945
10,01	-0,000231323
10,02	-0,000229714
10,03	-0,000228118
10,04	-0,000226535
10,05	-0,000224964
10,06	-0,000223405
10,07	-0,000221859
10,08	-0,000220325
10,09	-0,000218803
10,1	-0,000217294
10,11	-0,000215796
10,12	-0,00021431
10,13	-0,000212835
10,14	-0,000211372
10,15	-0,000209921
10,16	-0,000208481
10,17	-0,000207052
10,18	-0,000205634
10,19	-0,000204228
10,2	-0,000202832
10,21	-0,000201448
10,22	-0,000200074
10,23	-0,00019871
10,24	-0,000197358
10,25	-0,000196016
10,26	-0,000194684
10,27	-0,000193363
10,28	-0,000192052
10,29	-0,000190751
10,3	-0,00018946
10,31	-0,000188179
10,32	-0,000186908
10,33	-0,000185647
10,34	-0,000184395
10,35	-0,000183153
10,36	-0,000181921
10,37	-0,000180698
10,38	-0,000179484
10,39	-0,00017828
10,4	-0,000177085
10,41	-0,000175899
10,42	-0,000174722
10,43	-0,000173555
10,44	-0,000172396
10,45	-0,000171246
10,46	-0,000170104
10,47	-0,000168972
10,48	-0,000167848
10,49	-0,000166732
10,5	-0,000165625
10,51	-0,000164526
10,52	-0,000163436
10,53	-0,000162354
10,54	-0,00016128
10,55	-0,000160214
10,56	-0,000159156
10,57	-0,000158107
10,58	-0,000157065
10,59	-0,000156031
10,6	-0,000155004
10,61	-0,000153986
10,62	-0,000152975
10,63	-0,000151972
10,64	-0,000150976
10,65	-0,000149987
10,66	-0,000149006
10,67	-0,000148033
10,68	-0,000147066
10,69	-0,000146107
10,7	-0,000145155
10,71	-0,00014421
10,72	-0,000143272
10,73	-0,000142341
10,74	-0,000141417
10,75	-0,000140499
10,76	-0,000139589
10,77	-0,000138685
10,78	-0,000137788
10,79	-0,000136898
10,8	-0,000136014
10,81	-0,000135136
10,82	-0,000134265
10,83	-0,000133401
10,84	-0,000132543
10,85	-0,000131691
10,86	-0,000130845
10,87	-0,000130006
10,88	-0,000129173
10,89	-0,000128345
10,9	-0,000127524
10,91	-0,000126709
10,92	-0,0001259
10,93	-0,000125097
10,94	-0,000124299
10,95	-0,000123508
10,96	-0,000122722
10,97	-0,000121942
10,98	-0,000121167
10,99	-0,000120398
11	-0,000119635
11,01	-0,000118877
11,02	-0,000118125
11,03	-0,000117378
11,04	-0,000116636
11,05	-0,0001159
11,06	-0,000115169
11,07	-0,000114444
11,08	-0,000113723
11,09	-0,000113008
11,1	-0,000112298
11,11	-0,000111593
11,12	-0,000110893
11,13	-0,000110198
11,14	-0,000109509
11,15	-0,000108824
11,16	-0,000108143
11,17	-0,000107468
11,18	-0,000106798
11,19	-0,000106132
11,2	-0,000105471
11,21	-0,000104815
11,22	-0,000104163
11,23	-0,000103516
11,24	-0,000102874
11,25	-0,000102236
11,26	-0,000101603
11,27	-0,000100974
11,28	-0,00010035
11,29	-9,97297E-05
11,3	-9,91141E-05
11,31	-9,85028E-05
11,32	-9,78958E-05
11,33	-9,72932E-05
11,34	-9,66947E-05
11,35	-9,61004E-05
11,36	-9,55103E-05
11,37	-9,49244E-05
11,38	-9,43426E-05
11,39	-9,37648E-05
11,4	-9,3191E-05
11,41	-9,26213E-05
11,42	-9,20556E-05
11,43	-9,14937E-05
11,44	-9,09358E-05
11,45	-9,03818E-05
11,46	-8,98317E-05
11,47	-8,92853E-05
11,48	-8,87428E-05
11,49	-8,8204E-05
11,5	-8,7669E-05
11,51	-8,71376E-05
11,52	-8,661E-05
11,53	-8,60859E-05
11,54	-8,55655E-05
11,55	-8,50487E-05
11,56	-8,45355E-05
11,57	-8,40258E-05
11,58	-8,35196E-05
11,59	-8,30169E-05
11,6	-8,25176E-05
11,61	-8,20218E-05
11,62	-8,15293E-05
11,63	-8,10403E-05
11,64	-8,05545E-05
11,65	-8,00721E-05
11,66	-7,95931E-05
11,67	-7,91172E-05
11,68	-7,86447E-05
11,69	-7,81753E-05
11,7	-7,77092E-05
11,71	-7,72462E-05
11,72	-7,67863E-05
11,73	-7,63296E-05
11,74	-7,5876E-05
11,75	-7,54255E-05
11,76	-7,4978E-05
11,77	-7,45336E-05
11,78	-7,40921E-05
11,79	-7,36537E-05
11,8	-7,32182E-05
11,81	-7,27857E-05
11,82	-7,2356E-05
11,83	-7,19293E-05
11,84	-7,15054E-05
11,85	-7,10844E-05
11,86	-7,06662E-05
11,87	-7,02508E-05
11,88	-6,98383E-05
11,89	-6,94284E-05
11,9	-6,90214E-05
11,91	-6,8617E-05
11,92	-6,82154E-05
11,93	-6,78164E-05
11,94	-6,74201E-05
11,95	-6,70264E-05
11,96	-6,66354E-05
11,97	-6,6247E-05
11,98	-6,58611E-05
11,99	-6,54779E-05
12	-6,50971E-05
12,01	-6,47189E-05
12,02	-6,43432E-05
12,03	-6,397E-05
12,04	-6,35993E-05
12,05	-6,3231E-05
12,06	-6,28652E-05
12,07	-6,25017E-05
12,08	-6,21407E-05
12,09	-6,1782E-05
12,1	-6,14257E-05
12,11	-6,10718E-05
12,12	-6,07202E-05
12,13	-6,03709E-05
12,14	-6,00239E-05
12,15	-5,96791E-05
12,16	-5,93367E-05
12,17	-5,89964E-05
12,18	-5,86584E-05
12,19	-5,83227E-05
12,2	-5,79891E-05
12,21	-5,76576E-05
12,22	-5,73284E-05
12,23	-5,70013E-05
12,24	-5,66763E-05
12,25	-5,63534E-05
12,26	-5,60327E-05
12,27	-5,5714E-05
12,28	-5,53974E-05
12,29	-5,50828E-05
12,3	-5,47703E-05
12,31	-5,44598E-05
12,32	-5,41513E-05
12,33	-5,38449E-05
12,34	-5,35404E-05
12,35	-5,32378E-05
12,36	-5,29372E-05
12,37	-5,26386E-05
12,38	-5,23418E-05
12,39	-5,2047E-05
12,4	-5,17541E-05
12,41	-5,14631E-05
12,42	-5,11739E-05
12,43	-5,08866E-05
12,44	-5,06011E-05
12,45	-5,03175E-05
12,46	-5,00356E-05
12,47	-4,97556E-05
12,48	-4,94774E-05
12,49	-4,92009E-05
12,5	-4,89262E-05
12,51	-4,86532E-05
12,52	-4,8382E-05
12,53	-4,81125E-05
12,54	-4,78448E-05
12,55	-4,75787E-05
12,56	-4,73143E-05
12,57	-4,70516E-05
12,58	-4,67906E-05
12,59	-4,65312E-05
12,6	-4,62735E-05
12,61	-4,60173E-05
12,62	-4,57629E-05
12,63	-4,551E-05
12,64	-4,52587E-05
12,65	-4,5009E-05
12,66	-4,47608E-05
12,67	-4,45143E-05
12,68	-4,42692E-05
12,69	-4,40258E-05
12,7	-4,37838E-05
12,71	-4,35434E-05
12,72	-4,33044E-05
12,73	-4,3067E-05
12,74	-4,28311E-05
12,75	-4,25966E-05
12,76	-4,23636E-05
12,77	-4,2132E-05
12,78	-4,19019E-05
12,79	-4,16733E-05
12,8	-4,1446E-05
12,81	-4,12202E-05
12,82	-4,09958E-05
12,83	-4,07728E-05
12,84	-4,05511E-05
12,85	-4,03308E-05
12,86	-4,01119E-05
12,87	-3,98944E-05
12,88	-3,96782E-05
12,89	-3,94633E-05
12,9	-3,92498E-05
12,91	-3,90376E-05
12,92	-3,88267E-05
12,93	-3,86171E-05
12,94	-3,84088E-05
12,95	-3,82018E-05
12,96	-3,7996E-05
12,97	-3,77915E-05
12,98	-3,75883E-05
12,99	-3,73863E-05
13	-3,71856E-05
13,01	-3,6986E-05
13,02	-3,67878E-05
13,03	-3,65907E-05
13,04	-3,63948E-05
13,05	-3,62001E-05
13,06	-3,60066E-05
13,07	-3,58143E-05
13,08	-3,56232E-05
13,09	-3,54332E-05
13,1	-3,52444E-05
13,11	-3,50568E-05
13,12	-3,48702E-05
13,13	-3,46849E-05
13,14	-3,45006E-05
13,15	-3,43174E-05
13,16	-3,41354E-05
13,17	-3,39545E-05
13,18	-3,37746E-05
13,19	-3,35959E-05
13,2	-3,34182E-05
13,21	-3,32416E-05
13,22	-3,30661E-05
13,23	-3,28916E-05
13,24	-3,27182E-05
13,25	-3,25458E-05
13,26	-3,23745E-05
13,27	-3,22042E-05
13,28	-3,20349E-05
13,29	-3,18666E-05
13,3	-3,16993E-05
13,31	-3,15331E-05
13,32	-3,13678E-05
13,33	-3,12035E-05
13,34	-3,10402E-05
13,35	-3,08779E-05
13,36	-3,07166E-05
13,37	-3,05562E-05
13,38	-3,03968E-05
13,39	-3,02383E-05
13,4	-3,00808E-05
13,41	-2,99242E-05
13,42	-2,97685E-05
13,43	-2,96137E-05
13,44	-2,94599E-05
13,45	-2,9307E-05
13,46	-2,9155E-05
13,47	-2,90039E-05
13,48	-2,88537E-05
13,49	-2,87044E-05
13,5	-2,85559E-05
13,51	-2,84083E-05
13,52	-2,82617E-05
13,53	-2,81158E-05
13,54	-2,79709E-05
13,55	-2,78267E-05
13,56	-2,76835E-05
13,57	-2,7541E-05
13,58	-2,73994E-05
13,59	-2,72587E-05
13,6	-2,71188E-05
13,61	-2,69796E-05
13,62	-2,68413E-05
13,63	-2,67039E-05
13,64	-2,65672E-05
13,65	-2,64313E-05
13,66	-2,62962E-05
13,67	-2,61619E-05
13,68	-2,60284E-05
13,69	-2,58956E-05
13,7	-2,57637E-05
13,71	-2,56325E-05
13,72	-2,5502E-05
13,73	-2,53723E-05
13,74	-2,52434E-05
13,75	-2,51152E-05
13,76	-2,49878E-05
13,77	-2,48611E-05
13,78	-2,47351E-05
13,79	-2,46099E-05
13,8	-2,44854E-05
13,81	-2,43616E-05
13,82	-2,42385E-05
13,83	-2,41162E-05
13,84	-2,39945E-05
13,85	-2,38735E-05
13,86	-2,37533E-05
13,87	-2,36337E-05
13,88	-2,35148E-05
13,89	-2,33966E-05
13,9	-2,32791E-05
13,91	-2,31622E-05
13,92	-2,3046E-05
13,93	-2,29305E-05
13,94	-2,28157E-05
13,95	-2,27015E-05
13,96	-2,25879E-05
13,97	-2,2475E-05
13,98	-2,23628E-05
13,99	-2,22512E-05
14	-2,21402E-05
14,01	-2,20299E-05
14,02	-2,19201E-05
14,03	-2,1811E-05
14,04	-2,17026E-05
14,05	-2,15947E-05
14,06	-2,14875E-05
14,07	-2,13808E-05
14,08	-2,12748E-05
14,09	-2,11694E-05
14,1	-2,10645E-05
14,11	-2,09603E-05
14,12	-2,08567E-05
14,13	-2,07536E-05
14,14	-2,06511E-05
14,15	-2,05492E-05
14,16	-2,04479E-05
14,17	-2,03471E-05
14,18	-2,02469E-05
14,19	-2,01473E-05
14,2	-2,00482E-05
14,21	-1,99497E-05
14,22	-1,98517E-05
14,23	-1,97543E-05
14,24	-1,96574E-05
14,25	-1,95611E-05
14,26	-1,94653E-05
14,27	-1,93701E-05
14,28	-1,92754E-05
14,29	-1,91812E-05
14,3	-1,90875E-05
14,31	-1,89944E-05
14,32	-1,89017E-05
14,33	-1,88096E-05
14,34	-1,8718E-05
14,35	-1,86269E-05
14,36	-1,85364E-05
14,37	-1,84463E-05
14,38	-1,83567E-05
14,39	-1,82676E-05
14,4	-1,81791E-05
14,41	-1,8091E-05
14,42	-1,80033E-05
14,43	-1,79162E-05
14,44	-1,78296E-05
14,45	-1,77434E-05
14,46	-1,76577E-05
14,47	-1,75725E-05
14,48	-1,74878E-05
14,49	-1,74035E-05
14,5	-1,73197E-05
14,51	-1,72363E-05
14,52	-1,71534E-05
14,53	-1,7071E-05
14,54	-1,6989E-05
14,55	-1,69075E-05
14,56	-1,68264E-05
14,57	-1,67457E-05
14,58	-1,66655E-05
14,59	-1,65857E-05
14,6	-1,65064E-05
14,61	-1,64275E-05
14,62	-1,6349E-05
14,63	-1,6271E-05
14,64	-1,61934E-05
14,65	-1,61162E-05
14,66	-1,60394E-05
14,67	-1,59631E-05
14,68	-1,58871E-05
14,69	-1,58116E-05
14,7	-1,57365E-05
14,71	-1,56618E-05
14,72	-1,55875E-05
14,73	-1,55136E-05
14,74	-1,54401E-05
14,75	-1,5367E-05
14,76	-1,52943E-05
14,77	-1,52219E-05
14,78	-1,515E-05
14,79	-1,50785E-05
14,8	-1,50073E-05
14,81	-1,49366E-05
14,82	-1,48662E-05
14,83	-1,47962E-05
14,84	-1,47265E-05
14,85	-1,46573E-05
14,86	-1,45884E-05
14,87	-1,45199E-05
14,88	-1,44517E-05
14,89	-1,4384E-05
14,9	-1,43165E-05
14,91	-1,42495E-05
14,92	-1,41828E-05
14,93	-1,41164E-05
14,94	-1,40504E-05
14,95	-1,39848E-05
14,96	-1,39195E-05
14,97	-1,38546E-05
14,98	-1,379E-05
14,99	-1,37257E-05
15	-1,36618E-05
15,01	-1,35983E-05
15,02	-1,3535E-05
15,03	-1,34721E-05
15,04	-1,34096E-05
15,05	-1,33474E-05
15,06	-1,32855E-05
15,07	-1,32239E-05
15,08	-1,31626E-05
15,09	-1,31017E-05
15,1	-1,30411E-05
15,11	-1,29808E-05
15,12	-1,29209E-05
15,13	-1,28612E-05
15,14	-1,28019E-05
15,15	-1,27429E-05
15,16	-1,26842E-05
15,17	-1,26258E-05
15,18	-1,25677E-05
15,19	-1,25099E-05
15,2	-1,24524E-05
15,21	-1,23952E-05
15,22	-1,23384E-05
15,23	-1,22818E-05
15,24	-1,22255E-05
15,25	-1,21695E-05
15,26	-1,21138E-05
15,27	-1,20584E-05
15,28	-1,20033E-05
15,29	-1,19484E-05
15,3	-1,18939E-05
15,31	-1,18396E-05
15,32	-1,17857E-05
15,33	-1,1732E-05
15,34	-1,16786E-05
15,35	-1,16254E-05
15,36	-1,15726E-05
15,37	-1,152E-05
15,38	-1,14676E-05
15,39	-1,14156E-05
15,4	-1,13638E-05
15,41	-1,13123E-05
15,42	-1,12611E-05
15,43	-1,12101E-05
15,44	-1,11594E-05
15,45	-1,11089E-05
15,46	-1,10588E-05
15,47	-1,10088E-05
15,48	-1,09592E-05
15,49	-1,09097E-05
15,5	-1,08606E-05
15,51	-1,08117E-05
15,52	-1,0763E-05
15,53	-1,07146E-05
15,54	-1,06664E-05
15,55	-1,06185E-05
15,56	-1,05709E-05
15,57	-1,05234E-05
15,58	-1,04763E-05
15,59	-1,04293E-05
15,6	-1,03826E-05
15,61	-1,03362E-05
15,62	-1,029E-05
15,63	-1,0244E-05
15,64	-1,01982E-05
15,65	-1,01527E-05
15,66	-1,01074E-05
15,67	-1,00624E-05
15,68	-1,00175E-05
15,69	-9,97294E-06
15,7	-9,92857E-06
15,71	-9,88443E-06
15,72	-9,84051E-06
15,73	-9,79681E-06
15,74	-9,75333E-06
15,75	-9,71008E-06
15,76	-9,66704E-06
15,77	-9,62422E-06
15,78	-9,58162E-06
15,79	-9,53924E-06
15,8	-9,49706E-06
15,81	-9,4551E-06
15,82	-9,41336E-06
15,83	-9,37182E-06
15,84	-9,33049E-06
15,85	-9,28937E-06
15,86	-9,24846E-06
15,87	-9,20775E-06
15,88	-9,16725E-06
15,89	-9,12695E-06
15,9	-9,08685E-06
15,91	-9,04696E-06
15,92	-9,00726E-06
15,93	-8,96777E-06
15,94	-8,92847E-06
15,95	-8,88937E-06
15,96	-8,85046E-06
15,97	-8,81175E-06
15,98	-8,77323E-06
15,99	-8,7349E-06
16	-8,69677E-06
16,01	-8,65882E-06
16,02	-8,62107E-06
16,03	-8,5835E-06
16,04	-8,54612E-06
16,05	-8,50892E-06
16,06	-8,47191E-06
16,07	-8,43509E-06
16,08	-8,39844E-06
16,09	-8,36198E-06
16,1	-8,3257E-06
16,11	-8,2896E-06
16,12	-8,25368E-06
16,13	-8,21793E-06
16,14	-8,18237E-06
16,15	-8,14697E-06
16,16	-8,11176E-06
16,17	-8,07671E-06
16,18	-8,04184E-06
16,19	-8,00714E-06
16,2	-7,97262E-06
16,21	-7,93826E-06
16,22	-7,90407E-06
16,23	-7,87005E-06
16,24	-7,8362E-06
16,25	-7,80251E-06
16,26	-7,76899E-06
16,27	-7,73563E-06
16,28	-7,70244E-06
16,29	-7,66941E-06
16,3	-7,63654E-06
16,31	-7,60383E-06
16,32	-7,57129E-06
16,33	-7,5389E-06
16,34	-7,50667E-06
16,35	-7,47459E-06
16,36	-7,44268E-06
16,37	-7,41092E-06
16,38	-7,37931E-06
16,39	-7,34786E-06
16,4	-7,31656E-06
16,41	-7,28541E-06
16,42	-7,25442E-06
16,43	-7,22357E-06
16,44	-7,19288E-06
16,45	-7,16233E-06
16,46	-7,13193E-06
16,47	-7,10168E-06
16,48	-7,07158E-06
16,49	-7,04162E-06
16,5	-7,0118E-06
16,51	-6,98214E-06
16,52	-6,95261E-06
16,53	-6,92323E-06
16,54	-6,89398E-06
16,55	-6,86488E-06
16,56	-6,83592E-06
16,57	-6,8071E-06
16,58	-6,77842E-06
16,59	-6,74988E-06
16,6	-6,72147E-06
16,61	-6,6932E-06
16,62	-6,66507E-06
16,63	-6,63707E-06
16,64	-6,6092E-06
16,65	-6,58147E-06
16,66	-6,55387E-06
16,67	-6,52641E-06
16,68	-6,49907E-06
16,69	-6,47187E-06
16,7	-6,4448E-06
16,71	-6,41785E-06
16,72	-6,39104E-06
16,73	-6,36435E-06
16,74	-6,33779E-06
16,75	-6,31135E-06
16,76	-6,28505E-06
16,77	-6,25886E-06
16,78	-6,2328E-06
16,79	-6,20687E-06
16,8	-6,18106E-06
16,81	-6,15537E-06
16,82	-6,1298E-06
16,83	-6,10436E-06
16,84	-6,07903E-06
16,85	-6,05383E-06
16,86	-6,02874E-06
16,87	-6,00378E-06
16,88	-5,97893E-06
16,89	-5,9542E-06
16,9	-5,92958E-06
16,91	-5,90509E-06
16,92	-5,8807E-06
16,93	-5,85644E-06
16,94	-5,83228E-06
16,95	-5,80824E-06
16,96	-5,78432E-06
16,97	-5,7605E-06
16,98	-5,7368E-06
16,99	-5,71321E-06
17	-5,68973E-06
17,01	-5,66636E-06
17,02	-5,6431E-06
17,03	-5,61995E-06
17,04	-5,59691E-06
17,05	-5,57398E-06
17,06	-5,55115E-06
17,07	-5,52843E-06
17,08	-5,50582E-06
17,09	-5,48331E-06
17,1	-5,46091E-06
17,11	-5,43861E-06
17,12	-5,41641E-06
17,13	-5,39432E-06
17,14	-5,37233E-06
17,15	-5,35045E-06
17,16	-5,32866E-06
17,17	-5,30698E-06
17,18	-5,2854E-06
17,19	-5,26392E-06
17,2	-5,24253E-06
17,21	-5,22125E-06
17,22	-5,20007E-06
17,23	-5,17898E-06
17,24	-5,15799E-06
17,25	-5,1371E-06
17,26	-5,11631E-06
17,27	-5,09561E-06
17,28	-5,07501E-06
17,29	-5,0545E-06
17,3	-5,03409E-06
17,31	-5,01377E-06
17,32	-4,99354E-06
17,33	-4,97341E-06
17,34	-4,95337E-06
17,35	-4,93342E-06
17,36	-4,91357E-06
17,37	-4,8938E-06
17,38	-4,87413E-06
17,39	-4,85455E-06
17,4	-4,83506E-06
17,41	-4,81565E-06
17,42	-4,79634E-06
17,43	-4,77711E-06
17,44	-4,75797E-06
17,45	-4,73892E-06
17,46	-4,71996E-06
17,47	-4,70108E-06
17,48	-4,68229E-06
17,49	-4,66359E-06
17,5	-4,64497E-06
17,51	-4,62643E-06
17,52	-4,60798E-06
17,53	-4,58962E-06
17,54	-4,57133E-06
17,55	-4,55313E-06
17,56	-4,53502E-06
17,57	-4,51698E-06
17,58	-4,49903E-06
17,59	-4,48116E-06
17,6	-4,46337E-06
17,61	-4,44566E-06
17,62	-4,42803E-06
17,63	-4,41048E-06
17,64	-4,39301E-06
17,65	-4,37562E-06
17,66	-4,35831E-06
17,67	-4,34108E-06
17,68	-4,32392E-06
17,69	-4,30684E-06
17,7	-4,28984E-06
17,71	-4,27292E-06
17,72	-4,25607E-06
17,73	-4,2393E-06
17,74	-4,2226E-06
17,75	-4,20598E-06
17,76	-4,18943E-06
17,77	-4,17296E-06
17,78	-4,15656E-06
17,79	-4,14023E-06
17,8	-4,12398E-06
17,81	-4,1078E-06
17,82	-4,0917E-06
17,83	-4,07566E-06
17,84	-4,0597E-06
17,85	-4,04381E-06
17,86	-4,02799E-06
17,87	-4,01224E-06
17,88	-3,99656E-06
17,89	-3,98095E-06
17,9	-3,96541E-06
17,91	-3,94994E-06
17,92	-3,93454E-06
17,93	-3,9192E-06
17,94	-3,90394E-06
17,95	-3,88874E-06
17,96	-3,87361E-06
17,97	-3,85855E-06
17,98	-3,84356E-06
17,99	-3,82863E-06
18	-3,81377E-06
18,01	-3,79897E-06
18,02	-3,78424E-06
18,03	-3,76957E-06
18,04	-3,75497E-06
18,05	-3,74044E-06
18,06	-3,72596E-06
18,07	-3,71156E-06
18,08	-3,69721E-06
18,09	-3,68293E-06
18,1	-3,66871E-06
18,11	-3,65456E-06
18,12	-3,64047E-06
18,13	-3,62644E-06
18,14	-3,61247E-06
18,15	-3,59856E-06
18,16	-3,58471E-06
18,17	-3,57093E-06
18,18	-3,5572E-06
18,19	-3,54354E-06
18,2	-3,52993E-06
18,21	-3,51639E-06
18,22	-3,5029E-06
18,23	-3,48948E-06
18,24	-3,47611E-06
18,25	-3,4628E-06
18,26	-3,44955E-06
18,27	-3,43635E-06
18,28	-3,42322E-06
18,29	-3,41014E-06
18,3	-3,39712E-06
18,31	-3,38415E-06
18,32	-3,37125E-06
18,33	-3,35839E-06
18,34	-3,3456E-06
18,35	-3,33286E-06
18,36	-3,32017E-06
18,37	-3,30755E-06
18,38	-3,29497E-06
18,39	-3,28245E-06
18,4	-3,26998E-06
18,41	-3,25757E-06
18,42	-3,24522E-06
18,43	-3,23291E-06
18,44	-3,22066E-06
18,45	-3,20846E-06
18,46	-3,19632E-06
18,47	-3,18422E-06
18,48	-3,17218E-06
18,49	-3,1602E-06
18,5	-3,14826E-06
18,51	-3,13637E-06
18,52	-3,12454E-06
18,53	-3,11276E-06
18,54	-3,10103E-06
18,55	-3,08934E-06
18,56	-3,07771E-06
18,57	-3,06613E-06
18,58	-3,0546E-06
18,59	-3,04312E-06
18,6	-3,03168E-06
18,61	-3,0203E-06
18,62	-3,00897E-06
18,63	-2,99768E-06
18,64	-2,98644E-06
18,65	-2,97525E-06
18,66	-2,96411E-06
18,67	-2,95302E-06
18,68	-2,94197E-06
18,69	-2,93097E-06
18,7	-2,92002E-06
18,71	-2,90911E-06
18,72	-2,89825E-06
18,73	-2,88744E-06
18,74	-2,87667E-06
18,75	-2,86595E-06
